17 16 18 3 14 
16 19 3 11 13 
16 19 3 20 10 11 13 15 
17 3 20 11 15 
17 19 18 3 4 20 12 14 15 
17 16 19 3 20 11 12 15 
16 19 3 4 20 12 
17 16 18 3 4 20 11 13 14 15 
19 11 12 13 15 
17 19 18 11 12 13 
16 18 3 12 13 
16 19 4 10 11 12 13 14 15 
17 16 19 18 4 20 10 11 12 13 14 15 
19 10 11 14 
18 3 4 10 11 13 14 15 
19 20 12 13 
16 18 3 4 11 13 14 15 
17 19 18 3 4 20 12 14 
16 11 14 
16 3 13 15 
16 19 3 4 20 10 13 14 
17 1 2 19 3 10 12 15 
1 16 2 3 20 10 11 14 15 
16 3 20 10 13 
17 3 11 12 
17 19 18 3 4 10 11 
17 16 3 20 12 
16 19 3 4 20 10 11 12 13 14 
17 18 3 4 20 13 14 15 
4 12 15 
18 20 10 14 15 
1 16 2 3 4 10 11 12 
16 19 18 20 13 15 
16 19 3 20 10 11 12 13 15 
18 3 4 11 12 15 
16 3 20 10 15 
1 2 3 20 12 13 
17 18 3 4 10 12 13 14 15 
16 3 14 15 
16 19 3 4 20 10 12 14 
17 16 19 3 4 11 
17 16 18 3 20 12 
17 16 19 3 4 20 11 12 13 15 
16 19 18 3 12 13 
17 18 3 4 20 12 13 15 
16 3 4 20 10 11 12 
17 19 3 4 20 10 12 
17 19 18 3 20 10 11 12 13 15 
17 18 3 4 11 12 15 
18 3 12 14 15 
16 19 18 3 20 12 13 
18 3 4 11 13 14 15 
16 19 3 20 12 
16 18 3 4 20 11 13 15 
17 12 14 15 
3 4 20 12 
3 20 11 12 13 15 
17 16 19 18 3 4 20 11 
17 16 18 3 4 11 13 15 
17 18 3 20 10 13 14 15 
16 19 18 3 4 20 10 11 13 
16 19 18 3 11 12 13 
17 3 12 14 15 
17 16 19 18 3 4 13 14 
17 18 3 4 11 12 14 
17 16 18 3 20 11 12 13 
18 4 20 10 13 14 
19 4 20 11 12 13 14 
17 16 19 3 4 20 12 
17 16 20 11 14 
17 16 19 18 3 20 10 11 13 14 
16 18 3 20 10 14 15 
3 4 11 15 
19 18 3 4 20 14 15 
17 19 4 10 12 13 15 
16 19 18 4 20 14 15 
17 16 19 3 20 10 12 13 
16 18 4 20 11 12 
17 19 3 4 20 10 15 
16 3 20 10 11 13 15 
16 19 4 13 
16 19 3 4 10 12 13 14 
17 19 3 4 20 10 13 14 15 
18 3 10 11 12 13 14 
3 15 
19 3 11 15 
19 3 4 20 10 12 13 
17 16 19 3 4 12 14 15 
17 3 4 20 10 14 
17 19 3 12 
19 3 12 13 
17 1 2 19 18 3 4 20 11 12 
16 19 3 4 12 13 
17 1 16 2 10 11 13 
16 19 18 3 4 20 10 11 12 13 14 
16 19 3 4 20 10 13 14 
19 18 3 4 14 15 
19 3 4 11 13 
1 2 4 20 12 14 
16 18 4 10 11 12 14 15 
17 16 19 3 20 10 15 
19 3 4 12 
17 18 4 20 12 13 14 
19 3 4 20 10 12 
17 16 3 10 11 13 15 
18 3 4 20 10 12 14 15 
17 16 3 11 13 15 
16 19 3 20 10 12 13 14 15 
16 19 3 4 20 10 12 
16 18 11 12 13 14 
19 3 4 20 11 12 15 
16 3 4 10 12 13 14 
17 16 19 18 3 12 14 
3 4 10 12 13 14 15 
16 3 4 10 12 13 14 15 
16 3 4 20 11 12 
17 19 18 3 20 10 11 12 
17 16 19 3 13 14 
16 19 3 4 10 13 
19 18 3 4 20 10 12 14 
16 19 11 12 13 14 15 
16 19 18 3 12 14 
17 18 3 4 20 10 14 
16 18 3 10 13 
1 16 2 19 3 20 10 11 12 14 15 
19 18 3 10 11 15 
17 1 16 2 3 10 13 15 
18 3 10 11 13 
3 4 12 14 
19 3 4 10 11 15 
19 18 3 4 10 11 12 
17 18 12 15 
16 4 20 12 
19 3 4 10 11 12 14 
17 19 18 11 12 13 14 15 
17 19 3 20 11 12 13 
17 16 19 3 4 11 14 
17 16 20 12 15 
16 19 10 11 12 14 15 
17 16 3 10 13 14 
18 3 4 10 
17 16 18 3 20 14 15 
17 16 18 3 4 20 11 
17 16 18 3 4 20 10 15 
17 16 19 3 4 12 13 
1 16 2 19 18 4 20 13 15 
18 3 4 10 11 13 14 
16 19 18 4 20 11 13 14 
17 16 19 3 20 10 11 12 15 
17 16 19 18 3 10 11 12 13 15 
17 19 3 4 20 11 14 
19 3 4 20 13 
16 19 3 4 20 10 14 
17 1 16 2 19 18 4 20 11 14 
17 16 3 4 10 13 
3 4 20 11 12 14 
17 16 18 3 20 11 13 14 
16 18 4 20 10 12 13 14 15 
17 16 19 18 3 20 10 11 12 14 
17 16 3 4 12 
19 3 10 11 15 
17 16 3 20 15 
16 19 10 11 15 
17 16 3 4 20 11 14 
16 18 14 
19 3 10 14 
17 16 19 18 3 4 13 
16 19 20 12 13 15 
16 18 3 11 13 15 
16 3 4 20 12 
16 18 3 20 11 12 13 
3 4 10 13 14 15 
17 18 3 20 10 15 
19 3 4 20 10 11 12 13 15 
19 3 4 20 10 11 14 15 
17 19 18 3 4 20 10 12 13 
16 18 3 10 13 15 
16 3 10 11 12 14 15 
1 2 18 3 4 12 13 15 
18 10 11 15 
16 19 18 3 4 10 12 13 14 
17 4 12 13 14 15 
19 18 4 20 11 13 15 
17 18 4 20 11 12 15 
19 3 13 14 15 
19 3 20 13 14 
18 10 12 14 15 
17 16 19 18 3 4 10 12 14 
17 19 3 20 11 12 14 15 
17 16 3 4 10 11 13 
17 18 4 10 11 12 13 
16 19 3 20 10 12 13 
17 16 18 3 20 10 11 
1 2 10 13 15 
16 19 18 3 4 20 11 12 13 15 
17 3 4 12 15 
17 16 19 18 3 4 11 12 13 15 
16 19 3 20 15 
17 16 19 3 20 10 11 12 13 14 
16 19 18 3 4 20 10 12 13 14 
17 20 10 11 13 
19 18 3 13 
17 16 18 3 13 
17 16 19 18 3 20 10 12 14 15 
17 16 18 3 4 11 12 13 14 
16 18 3 20 11 12 13 14 
16 19 18 3 4 20 10 12 
19 3 10 12 14 15 
11 
17 1 2 19 18 4 11 12 13 15 
17 20 12 13 15 
16 18 11 12 13 
1 2 19 18 3 4 11 12 15 
3 20 13 14 15 
1 16 2 3 4 20 11 12 13 15 
19 4 10 11 13 15 
16 18 3 20 11 13 15 
17 19 18 3 4 20 14 
17 16 19 3 20 14 
19 3 4 10 12 15 
17 3 4 12 13 14 15 
17 19 18 3 4 20 11 12 14 
1 16 2 19 3 20 
19 3 10 12 13 14 15 
17 1 16 2 3 10 12 13 14 
19 3 20 13 14 15 
17 18 3 10 12 
17 1 2 19 3 4 20 12 13 15 
16 18 10 12 13 14 
17 16 19 3 4 20 10 11 13 
17 16 19 18 4 20 11 12 15 
3 20 12 13 
17 16 20 10 11 13 
17 16 19 18 3 4 10 11 12 13 14 15 
16 3 20 11 12 13 15 
3 13 15 
16 3 20 11 13 15 
16 19 18 3 4 14 15 
17 16 19 18 3 4 13 14 15 
16 20 10 13 
16 18 3 12 
19 18 3 10 13 14 15 
19 18 3 4 12 15 
17 16 19 18 3 20 13 15 
18 3 4 20 10 11 15 
16 19 3 4 20 10 11 12 13 
1 2 19 3 4 20 12 13 
18 3 20 10 12 15 
17 16 18 20 15 
17 16 18 3 4 20 13 14 
17 19 18 11 14 
19 3 4 20 10 11 13 15 
17 3 20 10 12 14 15 
16 18 12 14 
17 16 20 10 12 13 15 
17 19 3 11 15 
17 3 20 11 12 13 14 15 
16 19 3 4 20 12 14 15 
17 16 18 4 20 12 15 
17 19 3 4 11 13 
17 1 16 2 19 3 4 14 15 
17 16 3 20 12 13 15 
19 3 10 11 15 
17 16 20 10 11 14 15 
17 16 19 3 4 20 11 
17 1 16 2 19 4 10 12 13 14 
1 16 2 18 3 4 20 10 11 12 14 
17 19 3 14 15 
3 20 11 12 15 
16 19 3 20 10 11 12 14 
17 16 4 10 11 12 14 15 
17 1 2 19 18 4 13 14 15 
19 18 3 20 13 14 
17 1 16 2 19 12 15 
16 18 3 20 10 14 15 
17 19 18 3 4 10 15 
16 19 18 3 4 10 15 
17 19 18 3 11 14 
17 3 4 10 11 12 15 
17 18 3 11 12 14 15 
17 16 19 3 4 20 10 12 13 14 15 
17 16 19 3 12 13 15 
16 19 18 4 20 11 13 14 15 
17 1 2 19 18 20 11 15 
19 3 4 10 11 13 14 
17 3 4 
17 16 19 3 4 20 10 11 
17 16 19 10 12 13 14 
16 19 18 3 4 11 13 15 
16 19 18 3 10 11 13 14 
17 16 3 20 10 14 15 
17 1 2 19 18 3 12 13 15 
17 18 3 20 10 11 14 15 
17 16 19 18 3 4 20 11 12 13 14 15 
1 16 2 19 18 3 4 20 10 12 14 
3 4 20 13 15 
19 3 4 20 12 13 15 
17 1 2 19 18 3 20 10 11 12 13 
17 18 3 10 15 
17 16 19 10 12 13 14 15 
18 3 4 11 14 
17 16 19 18 3 4 10 11 12 
16 18 3 4 20 10 12 13 14 15 
3 20 11 12 13 
17 19 3 20 11 12 13 15 
17 16 19 3 4 20 10 11 12 13 14 15 
16 3 4 10 11 12 13 
17 18 3 20 10 11 13 14 
16 3 4 11 13 14 15 
19 18 3 20 10 12 13 15 
16 19 18 3 4 20 11 12 13 14 15 
17 19 18 3 20 14 
17 16 3 11 13 
16 18 4 10 11 12 13 15 
16 19 18 3 4 11 15 
19 3 10 12 15 
18 3 4 11 12 13 14 
16 19 3 10 12 14 15 
17 1 16 2 19 4 20 10 11 12 13 15 
16 3 10 12 14 
17 16 19 18 10 12 14 15 
1 2 3 4 20 10 12 13 14 
1 16 2 19 18 3 20 10 11 
17 1 2 18 3 4 10 11 12 14 15 
16 18 4 14 
3 20 11 12 13 15 
17 16 3 4 10 13 
16 13 15 
4 20 13 
16 18 3 10 14 
17 3 4 10 11 12 13 
17 19 18 3 4 11 12 13 14 
17 16 19 18 3 4 20 10 14 15 
17 16 19 3 10 13 14 15 
16 19 18 3 10 11 12 13 14 
17 19 18 3 11 13 14 
3 4 20 12 13 14 
19 3 20 10 13 14 15 
17 19 18 3 4 10 12 14 15 
17 19 18 3 4 20 10 11 12 13 15 
17 19 3 20 11 13 14 
16 19 18 3 11 
17 18 3 10 11 12 13 15 
17 16 3 4 20 10 11 13 15 
16 3 4 10 11 14 15 
3 10 13 15 
17 16 19 18 3 4 10 11 12 13 15 
1 2 18 3 4 20 10 12 13 14 
1 2 19 18 3 12 13 14 15 
1 16 2 3 4 11 12 15 
1 2 19 18 20 11 12 15 
17 16 19 3 4 20 12 13 
17 19 18 3 11 12 14 
1 16 2 3 4 20 11 14 
16 3 4 20 10 12 15 
17 16 19 3 4 20 11 15 
16 19 3 4 20 11 12 13 
17 16 19 18 20 11 12 13 14 15 
16 18 3 12 
17 16 18 3 10 12 
16 18 3 20 10 12 13 
19 3 4 10 12 14 15 
16 19 4 10 13 14 15 
17 16 3 10 14 15 
17 18 3 20 10 11 12 13 14 15 
19 3 12 13 14 15 
16 19 18 3 14 15 
17 16 19 3 4 20 10 14 15 
17 16 3 20 12 13 
17 16 19 18 3 10 11 12 14 
19 18 3 13 15 
17 19 3 10 11 13 14 
16 18 3 20 12 13 14 15 
19 18 3 20 15 
17 16 3 
17 16 19 3 4 10 12 13 14 
17 1 16 2 10 11 14 15 
16 19 18 3 4 20 13 14 15 
18 3 4 20 12 
17 16 19 3 13 14 
19 18 10 11 12 13 
17 16 19 18 3 10 13 14 
17 3 4 
17 16 3 20 12 13 15 
1 16 2 19 18 3 20 12 14 
16 19 18 3 4 13 14 15 
17 12 13 
16 19 18 3 10 14 
16 3 10 12 13 
16 19 4 11 12 14 15 
16 3 4 20 10 13 15 
16 19 18 3 4 20 
16 18 3 10 11 12 13 
17 19 3 20 11 13 14 15 
16 3 4 20 13 
17 16 19 18 3 10 11 12 15 
17 19 3 20 13 
17 16 19 18 3 4 10 11 13 14 
17 18 4 20 13 
1 16 2 3 4 12 
19 3 4 10 13 14 
16 19 18 3 20 10 12 13 15 
3 4 14 15 
17 16 19 18 3 10 11 12 14 15 
17 19 3 4 20 11 13 14 
19 3 10 11 12 13 
3 4 20 11 12 
19 11 14 
16 18 3 10 11 12 13 14 
1 2 19 3 4 20 10 12 14 15 
17 16 18 3 4 20 11 12 
17 18 4 20 10 12 14 
17 3 4 10 14 
17 19 18 3 20 12 13 15 
17 1 2 19 18 3 4 12 13 
17 19 20 10 13 14 
17 1 2 3 
3 4 11 13 15 
17 19 3 20 10 11 14 
19 3 4 20 13 14 
16 19 18 3 10 13 15 
3 20 10 11 13 
17 19 18 3 4 20 11 14 
17 19 18 4 10 11 14 15 
16 19 3 4 20 10 11 13 15 
17 20 10 11 12 15 
17 20 10 12 13 14 
17 19 3 4 20 10 12 13 14 
3 11 12 13 
17 1 16 2 3 10 13 14 15 
17 16 3 
20 10 13 14 15 
17 16 19 3 4 20 10 12 13 14 15 
17 16 3 20 13 15 
19 3 4 10 11 12 13 15 
16 19 3 20 10 12 13 14 
17 19 18 3 4 20 12 13 14 15 
16 18 3 4 20 10 12 15 
17 16 20 10 11 12 13 14 
16 18 3 10 11 12 13 14 
17 16 19 3 4 20 10 11 12 13 14 15 
17 16 4 20 13 
17 1 16 2 19 3 11 13 14 15 
19 18 3 4 20 11 14 15 
17 19 3 4 10 12 14 15 
16 19 18 3 4 20 12 13 
17 16 18 3 20 12 13 14 
17 16 19 3 10 11 12 13 14 15 
1 16 2 19 18 20 10 13 14 15 
16 19 3 20 10 14 15 
17 19 3 4 10 12 15 
17 16 19 18 12 14 15 
16 19 3 4 10 11 13 15 
19 18 3 20 12 
17 3 11 15 
16 19 20 11 14 15 
17 19 18 3 4 20 10 11 13 14 
16 18 3 20 10 13 14 
16 3 12 13 15 
19 18 20 10 13 15 
17 18 3 4 10 11 12 13 15 
17 3 20 10 14 
17 16 4 20 12 15 
19 3 20 14 15 
1 16 2 19 3 4 20 10 12 15 
16 3 20 10 14 15 
18 3 4 12 14 
17 16 19 18 12 14 
1 16 2 19 18 3 10 14 15 
19 18 3 12 14 15 
17 16 19 18 20 10 12 13 
3 4 20 10 11 12 
17 16 19 4 20 15 
20 10 12 
16 3 4 20 10 11 12 13 14 15 
19 18 3 20 10 11 12 13 14 
16 4 20 12 13 15 
17 3 4 20 10 12 
16 3 4 11 12 14 
16 19 3 11 13 14 
17 19 18 3 11 12 13 15 
18 3 4 10 11 12 13 14 
16 19 18 3 4 20 10 11 13 14 
19 4 11 13 15 
18 3 4 10 11 12 
16 19 18 20 10 12 
17 3 4 20 11 12 13 15 
17 18 4 10 11 12 13 
17 19 18 4 20 11 12 13 
16 10 11 14 
19 18 3 12 13 15 
19 18 3 4 10 11 12 13 14 
18 3 4 20 10 12 13 
16 19 3 4 10 12 15 
17 16 18 3 10 11 12 
16 18 3 10 11 12 15 
1 16 2 19 18 10 11 12 13 15 
16 18 3 4 20 10 11 12 14 
17 16 19 3 4 20 11 15 
17 18 3 4 10 11 12 14 15 
17 1 2 18 3 20 10 14 
18 3 20 10 
19 18 3 4 10 12 13 
16 19 18 4 
3 4 12 13 15 
16 18 3 4 10 12 14 15 
17 3 20 10 12 14 15 
17 16 18 3 20 10 11 13 15 
17 16 19 3 4 10 12 13 14 15 
1 16 2 19 3 11 12 15 
16 18 3 4 20 10 11 13 14 
18 3 20 11 14 15 
16 20 10 11 14 15 
17 19 3 4 20 10 11 13 15 
17 4 20 13 15 
19 3 4 11 14 15 
18 3 4 10 13 15 
16 19 3 20 10 11 12 13 14 15 
17 16 18 4 20 10 12 14 15 
17 19 18 20 11 12 13 14 15 
17 19 18 4 20 11 12 13 14 
17 1 16 2 19 3 10 12 
17 19 18 3 4 10 12 13 15 
16 18 3 11 12 15 
16 19 18 3 20 12 13 
3 4 20 10 11 15 
16 19 18 3 4 20 10 11 12 13 15 
17 4 20 15 
17 19 18 3 20 10 12 14 
18 4 20 12 15 
16 20 10 12 13 15 
18 3 11 12 14 15 
17 19 3 4 20 10 13 14 
17 16 18 3 20 11 12 13 14 15 
3 4 14 15 
17 16 19 18 3 20 13 14 
17 16 19 3 20 12 13 14 
16 4 12 13 14 15 
18 3 13 14 15 
17 11 15 
3 4 20 10 12 14 15 
17 16 19 18 20 10 14 15 
16 19 18 3 4 12 13 
3 10 11 14 
17 19 3 4 10 11 15 
17 19 18 3 4 10 12 13 14 15 
16 18 3 20 11 15 
19 18 4 20 10 12 14 15 
1 16 2 18 3 20 11 12 15 
17 3 4 20 10 11 15 
19 3 4 10 14 
19 3 20 10 12 13 14 15 
19 3 4 15 
17 16 19 3 4 10 12 13 
17 3 20 10 12 14 15 
17 16 19 3 4 11 12 
17 16 18 3 20 10 11 12 14 15 
17 19 18 3 10 13 14 
17 18 11 12 13 14 15 
17 1 16 2 18 4 20 10 11 12 13 14 15 
17 3 10 12 14 
17 1 2 19 18 3 4 10 11 12 13 15 
19 3 20 10 11 12 15 
3 4 10 12 13 14 15 
17 19 3 20 10 11 14 
17 1 16 2 19 18 3 11 12 15 
17 3 4 10 12 13 14 
16 19 18 3 4 20 10 11 13 14 15 
16 19 18 3 4 13 
17 16 3 4 20 13 14 
17 18 4 20 13 14 15 
1 16 2 3 4 10 11 13 14 15 
16 18 3 4 20 10 11 12 14 
17 19 18 3 20 10 11 13 14 
17 16 18 3 4 20 10 11 14 15 
17 3 10 13 14 
19 18 3 10 11 12 13 14 15 
18 3 11 12 14 
17 16 3 20 10 11 12 13 14 15 
17 16 19 3 4 20 11 12 14 15 
16 19 18 3 10 13 15 
16 3 10 13 14 
17 1 2 18 3 11 13 15 
16 19 18 3 4 10 11 12 15 
17 16 19 18 4 20 11 12 14 
17 16 19 3 12 13 
19 18 3 
16 19 18 3 12 13 14 
17 16 19 3 20 10 11 13 14 
1 16 2 19 3 4 10 12 
3 4 20 11 12 14 15 
17 1 16 2 19 18 3 10 11 13 
16 19 18 3 4 20 10 12 13 
17 16 18 3 10 14 15 
17 19 12 13 15 
18 3 10 12 15 
17 18 3 20 10 12 14 15 
17 16 18 3 4 10 11 14 
16 3 4 10 12 15 
17 19 3 10 11 12 14 
17 18 10 12 14 15 
16 3 4 11 12 15 
19 18 3 
17 19 3 4 20 10 13 15 
17 16 19 10 11 12 
17 16 19 18 4 20 12 13 
16 18 3 20 12 13 
17 16 3 4 20 11 
16 19 18 3 4 12 14 15 
17 18 3 4 11 12 
18 20 10 12 14 
16 18 3 4 20 12 13 
16 19 3 20 10 12 13 
17 3 20 10 11 12 13 15 
17 16 19 18 3 20 11 12 13 14 
16 19 3 4 20 10 12 14 15 
17 16 19 3 20 11 13 14 
19 3 4 20 10 14 15 
18 3 10 11 12 13 14 15 
17 19 3 10 11 12 
17 18 3 4 11 13 14 
17 16 18 3 4 20 10 11 12 13 
17 16 4 20 10 
17 16 19 3 10 11 14 15 
17 1 2 19 18 4 20 11 14 15 
17 16 18 3 4 20 11 12 13 14 15 
17 19 3 4 11 12 14 
16 3 11 12 14 15 
16 19 3 11 12 13 14 
17 16 18 3 10 12 13 
16 19 18 3 11 14 
17 18 3 4 20 11 12 15 
16 3 4 20 10 11 13 14 
17 3 4 13 14 
19 18 3 4 10 13 14 15 
18 4 12 13 14 
17 18 3 20 10 11 12 15 
16 19 3 4 20 11 13 15 
19 3 4 20 11 12 14 15 
16 19 18 3 4 10 11 13 
17 3 4 10 14 
17 19 18 20 11 12 13 14 15 
1 2 18 3 4 11 13 14 
17 18 3 10 12 13 14 
16 3 20 10 12 13 14 
17 16 19 3 4 11 13 
19 18 3 4 20 10 11 12 
17 19 3 4 12 13 14 
16 19 3 4 20 13 14 
16 18 3 11 
19 18 3 4 20 11 12 13 
17 1 2 19 18 20 10 11 
17 18 3 4 20 13 14 15 
3 20 12 13 14 15 
17 18 3 10 11 13 14 
3 4 20 12 
16 19 18 3 4 20 10 12 15 
17 1 16 2 19 18 12 13 14 15 
17 3 12 13 14 
1 16 2 3 14 15 
17 3 4 12 13 14 15 
17 19 18 3 10 11 12 
3 20 10 12 14 
16 19 3 10 11 12 14 
17 16 19 3 4 
16 4 20 11 12 13 14 
16 18 4 13 
17 16 3 20 10 13 14 15 
17 19 18 3 4 10 11 12 14 
17 19 3 10 12 14 
17 16 18 3 11 
3 4 15 
1 2 4 10 15 
17 16 19 3 20 12 13 15 
18 3 4 20 11 12 
19 18 3 4 10 11 
19 18 4 20 10 11 13 
17 16 19 18 3 4 11 12 13 
17 19 18 3 4 20 11 14 15 
18 3 11 13 14 
17 16 3 4 10 11 14 15 
17 18 3 20 10 13 15 
16 20 10 13 14 15 
19 4 10 12 13 15 
17 19 18 3 4 20 10 11 12 13 14 
17 16 19 4 12 14 
19 18 3 4 10 11 13 15 
3 11 13 14 
17 1 2 3 20 10 11 12 13 
18 3 20 12 13 14 
19 18 3 4 20 10 13 15 
16 4 20 11 
17 19 18 3 20 11 14 15 
17 16 18 11 12 13 14 15 
18 3 20 13 14 
1 2 18 3 10 11 13 14 15 
17 1 2 19 18 3 20 11 12 13 14 15 
16 3 10 14 15 
16 18 3 20 10 13 15 
16 20 12 13 14 
17 16 19 18 12 13 
17 3 20 10 11 12 13 14 
17 16 18 4 20 12 15 
17 1 2 19 18 3 4 20 10 11 13 14 
16 3 4 20 10 12 13 
17 19 18 3 11 12 13 14 15 
17 16 3 4 20 10 12 13 15 
16 3 10 11 13 
16 3 4 10 11 12 13 14 
16 18 3 4 20 10 11 14 15 
4 10 11 12 13 
3 20 10 11 12 13 14 
19 18 10 15 
16 19 4 10 13 14 
17 3 4 10 15 
18 3 20 10 12 14 15 
3 4 20 11 12 13 14 
3 20 10 11 12 15 
18 3 11 12 14 
19 18 3 20 11 13 15 
19 3 13 14 
16 19 3 20 10 11 12 14 
16 19 3 4 10 14 
17 16 3 20 10 11 14 15 
17 16 19 10 
17 16 19 18 3 4 12 15 
17 3 20 13 
19 18 3 20 15 
17 3 20 10 11 12 13 14 15 
17 16 3 13 14 
17 3 4 10 12 13 15 
17 1 2 3 12 13 
16 18 3 4 20 10 12 15 
4 20 
17 3 10 11 14 15 
1 16 2 19 18 10 11 13 15 
17 16 19 3 4 20 10 15 
17 16 18 3 4 20 10 13 15 
17 18 3 4 20 10 11 12 
19 18 3 10 12 13 14 
16 19 3 4 15 
19 3 20 11 12 14 15 
17 19 18 3 4 20 11 12 14 15 
16 3 12 13 
1 16 2 18 3 4 10 11 
17 16 19 18 3 10 12 13 14 15 
17 16 19 18 10 13 14 
1 2 18 3 4 20 12 15 
17 16 20 10 12 14 15 
17 16 4 
17 19 3 4 20 11 15 
17 16 18 10 11 13 14 
16 18 11 14 
17 18 3 10 11 12 
19 18 3 20 10 11 12 13 14 15 
17 16 19 3 20 10 14 15 
17 1 2 18 3 10 11 12 13 15 
17 18 3 12 13 15 
17 3 11 12 
4 10 11 
18 20 10 13 14 
17 19 18 3 20 10 12 13 
16 18 3 20 10 11 12 15 
17 16 19 3 4 12 13 
17 16 3 20 11 13 15 
17 3 12 13 14 15 
17 16 3 4 20 11 12 13 15 
1 2 3 4 10 13 14 
17 16 19 18 3 20 11 13 15 
17 18 3 10 12 
17 16 3 4 14 15 
17 16 19 3 4 10 13 15 
17 19 18 3 4 12 
17 16 18 20 12 15 
16 19 18 4 20 11 12 14 
17 16 19 18 3 4 20 10 12 14 15 
20 10 12 13 
17 19 3 4 11 13 14 
16 4 20 11 15 
17 3 20 10 11 13 14 
17 18 3 11 12 15 
17 16 19 18 3 4 20 11 13 
18 3 4 20 11 12 14 
3 12 13 
17 16 19 18 4 10 11 12 13 14 
17 18 3 4 20 13 
16 19 3 4 10 11 12 15 
16 19 18 20 12 
17 19 18 3 10 11 13 14 15 
17 19 18 3 4 20 11 12 13 14 
18 10 13 14 
17 16 18 3 20 10 11 12 13 14 
17 3 20 11 12 
17 16 19 18 3 11 13 14 
17 19 18 3 4 12 13 15 
18 3 10 12 13 
17 16 20 11 12 13 14 
17 16 19 18 3 20 11 13 14 
17 16 18 3 4 12 
17 16 19 18 4 10 11 12 15 
17 19 18 3 20 10 11 12 
17 16 18 3 4 11 12 14 15 
16 19 18 3 4 13 14 15 
16 19 18 3 10 13 15 
17 4 10 11 12 13 14 
16 19 18 3 4 20 10 11 13 
19 18 3 20 10 13 15 
18 3 4 20 12 13 14 
17 19 18 3 20 11 12 13 14 
16 3 4 20 10 12 13 
19 18 3 20 
17 16 18 3 20 11 12 13 
1 16 2 3 4 12 15 
16 3 4 11 12 14 
17 16 19 18 3 11 12 14 
16 19 3 4 20 11 
17 19 3 10 11 15 
16 19 18 3 4 20 10 11 14 
17 3 11 15 
1 2 3 20 10 11 12 13 
17 16 3 4 20 10 11 12 14 15 
19 18 14 
17 16 18 10 11 13 14 15 
17 19 3 20 10 11 12 15 
1 2 19 18 3 4 11 
1 2 18 3 4 20 12 13 14 15 
3 4 20 10 14 
16 18 3 10 11 12 13 15 
17 3 20 12 13 15 
17 16 19 3 4 11 13 15 
17 16 19 3 20 10 12 
17 16 3 4 10 12 13 14 
19 18 3 4 20 10 12 13 14 
17 3 20 10 12 13 
16 4 11 12 13 15 
17 1 16 2 18 3 10 13 14 15 
17 19 4 11 13 
17 18 10 11 13 14 15 
17 11 13 14 
17 16 18 3 4 20 14 15 
18 3 10 14 15 
17 16 19 18 3 20 10 11 
17 16 19 4 20 10 12 14 
16 19 3 20 10 11 12 
17 1 2 19 18 20 12 13 14 15 
17 1 2 19 18 3 20 10 11 13 
19 3 20 10 11 14 15 
1 2 19 18 3 4 20 12 14 15 
16 18 3 11 15 
1 16 2 19 3 4 11 12 
16 19 3 20 15 
18 3 4 13 14 
17 19 18 3 4 11 13 14 15 
16 19 3 11 12 
4 20 11 12 14 
17 1 2 3 20 10 11 
16 19 3 20 14 
17 3 10 
17 19 18 3 20 10 11 13 
17 16 19 18 11 13 15 
17 16 3 10 
17 18 3 4 10 11 
17 16 19 3 4 10 12 13 15 
17 19 18 3 4 20 11 12 
17 16 19 3 20 13 
17 3 4 20 10 
17 16 19 18 3 20 11 14 
17 16 3 4 15 
16 19 3 4 20 11 12 15 
17 18 4 20 10 
16 19 18 4 
19 3 4 11 12 13 15 
16 19 18 3 12 13 14 15 
16 19 18 3 20 10 12 13 15 
16 18 12 13 
17 16 19 3 4 20 10 12 15 
17 19 3 4 20 10 12 14 
16 3 20 10 12 13 14 
17 3 4 20 
17 16 19 13 14 
16 19 18 3 11 12 
17 19 20 10 12 15 
16 18 4 10 11 13 14 
17 19 3 4 20 10 12 13 
17 18 3 4 20 11 13 15 
17 16 19 18 3 14 
17 1 2 19 18 3 11 12 
17 3 10 11 12 13 14 15 
17 3 4 10 13 
3 11 14 
3 20 10 11 14 
16 3 4 20 11 13 14 
17 16 4 20 10 15 
16 19 18 4 20 10 11 12 14 
19 3 4 10 11 13 
18 3 11 12 13 15 
17 16 19 3 11 14 15 
16 4 11 12 14 
1 16 2 3 4 20 11 
17 16 19 3 4 20 10 12 14 
17 18 4 
1 16 2 3 4 11 12 15 
17 19 18 3 15 
16 10 11 13 
16 19 3 4 11 13 
17 16 19 3 10 11 14 15 
19 3 20 11 14 
16 18 3 12 13 
17 16 19 3 10 11 
17 19 18 3 10 12 13 14 15 
17 4 20 10 12 13 14 15 
17 19 18 3 20 10 12 13 14 15 
18 3 20 10 12 13 15 
17 1 16 2 19 18 11 12 13 
19 3 4 10 11 13 14 
19 18 4 20 10 12 
17 18 3 4 20 10 11 12 
17 19 3 20 14 15 
17 3 10 
19 10 11 13 15 
19 3 10 12 13 14 
17 18 3 20 11 
3 4 10 11 14 15 
17 16 19 3 10 13 
17 1 2 19 18 3 4 20 10 13 14 
16 18 3 4 20 10 11 13 15 
3 4 20 10 11 13 
1 2 19 18 3 4 20 15 
17 16 19 18 3 4 20 
17 18 3 4 20 11 13 14 15 
17 16 18 3 20 10 11 14 
19 3 20 10 11 12 14 15 
16 19 18 3 4 20 13 15 
18 3 4 20 11 12 13 15 
18 3 20 11 14 
18 3 4 11 12 14 
17 16 13 14 15 
19 3 11 12 14 
16 19 18 4 20 10 12 13 14 
17 16 19 18 3 4 20 10 11 12 14 15 
3 20 10 13 14 
16 3 10 11 14 15 
17 16 3 4 20 14 15 
18 3 4 10 12 13 15 
16 3 11 13 14 
17 16 18 10 13 15 
17 16 19 18 3 4 20 10 13 14 15 
19 20 10 11 12 13 14 
17 18 3 4 10 12 13 14 15 
17 1 16 2 18 3 20 11 13 14 
17 16 18 3 4 10 11 12 14 
16 19 20 11 13 14 
17 16 18 3 4 10 12 13 14 15 
17 4 10 12 14 
16 19 18 10 14 15 
17 19 18 20 12 13 15 
17 1 16 2 19 3 4 20 11 12 14 
17 1 2 4 10 11 13 15 
17 16 3 4 20 12 13 14 15 
18 3 11 14 
3 4 20 10 13 14 
17 19 18 3 4 20 11 13 15 
16 19 18 4 10 13 14 15 
16 18 3 4 20 14 15 
17 16 18 3 12 14 15 
19 3 4 20 12 14 15 
16 19 18 3 20 11 15 
16 3 20 11 14 
1 16 2 19 3 10 11 12 13 
16 19 18 3 4 20 13 14 15 
17 19 3 4 20 10 14 15 
17 16 19 3 11 12 
17 16 19 18 3 4 20 10 12 13 14 15 
3 4 10 11 12 
16 19 18 3 4 20 12 14 
16 3 4 20 12 14 15 
17 1 16 2 18 3 4 20 11 13 14 15 
17 16 19 18 4 20 10 11 13 15 
17 19 3 20 11 15 
17 19 3 4 10 11 12 13 15 
19 3 20 10 11 12 13 14 15 
16 18 3 4 20 10 
17 18 3 4 20 11 12 13 14 15 
16 20 10 13 
17 3 4 20 12 
18 3 20 10 12 15 
18 3 13 15 
18 3 4 11 15 
16 19 18 3 4 20 11 
17 16 3 20 10 13 
17 16 18 3 20 11 13 
16 19 3 10 11 12 13 15 
17 16 4 11 12 13 
19 18 3 20 11 13 
17 18 4 20 10 12 14 15 
17 16 18 3 4 10 11 15 
17 1 2 18 3 20 12 13 14 
16 19 18 4 10 11 12 13 15 
17 19 18 3 4 20 10 11 12 14 
17 1 2 3 12 14 15 
