19 3 20 14 
1 16 2 18 3 20 10 15 
1 16 2 3 10 11 12 14 15 
1 2 19 18 3 10 11 12 14 15 
1 16 2 19 18 3 20 10 11 12 14 15 
17 1 16 2 19 20 11 14 15 
1 2 19 18 3 20 12 13 14 15 
17 19 3 10 11 14 
17 1 16 2 3 20 12 13 14 
17 16 19 3 11 12 13 
16 3 20 15 
16 3 12 14 15 
17 18 3 20 10 
16 19 18 10 11 13 15 
16 18 3 20 13 14 
18 3 10 12 13 
1 2 19 18 3 10 12 13 
17 19 18 3 20 12 13 14 
1 16 2 18 13 14 15 
3 20 11 12 13 14 
17 1 2 3 20 10 11 12 14 
1 16 2 18 10 11 12 13 14 
1 2 18 20 11 13 
18 20 14 
1 16 2 19 3 10 11 12 13 
3 10 11 12 14 
17 16 20 13 15 
17 19 18 10 11 12 13 14 15 
1 2 18 3 10 13 15 
19 10 13 14 
19 18 3 11 12 
17 19 11 12 13 14 15 
16 19 10 12 
1 2 18 11 12 13 14 15 
17 16 3 11 13 
1 2 19 20 12 
18 3 13 14 
1 16 2 18 10 11 12 14 
16 19 18 3 20 10 
17 1 2 3 10 12 14 15 
16 18 20 10 13 14 
1 2 19 18 3 11 12 13 14 
17 18 11 12 13 14 
17 1 2 3 20 10 11 12 13 14 15 
16 18 3 10 11 15 
17 1 2 18 3 20 11 14 
16 3 10 13 14 
1 2 18 3 12 15 
17 1 16 2 19 18 10 11 13 15 
17 1 16 2 19 18 12 13 15 
16 19 3 20 10 13 15 
17 16 19 18 3 20 10 12 13 15 
1 16 2 19 3 20 12 15 
19 3 20 12 13 15 
16 19 18 12 13 14 15 
16 18 3 20 12 14 15 
1 2 18 3 20 11 14 
17 1 2 3 10 12 13 
17 1 16 2 10 11 15 
1 16 2 18 20 10 14 
16 19 3 11 
17 16 3 20 12 13 
16 3 20 11 12 13 14 15 
17 1 16 2 18 20 10 11 12 13 
1 2 3 20 14 
1 16 2 19 18 20 13 15 
1 2 10 13 14 15 
16 19 11 12 13 15 
19 18 3 20 11 12 13 14 
17 1 16 2 3 13 
17 16 18 3 20 10 13 14 15 
17 19 18 10 13 14 
16 18 11 15 
17 1 2 20 10 11 12 13 15 
17 1 16 2 18 3 20 11 12 14 
18 20 11 13 15 
17 1 2 3 20 10 11 13 15 
17 19 3 10 13 
17 19 3 20 10 12 13 14 
1 2 19 3 20 10 11 13 15 
19 18 20 12 13 
19 18 20 11 14 15 
11 14 
17 16 3 10 13 
17 16 18 3 10 11 13 14 15 
16 19 18 20 10 11 13 
17 1 16 2 20 10 11 12 13 14 
17 19 18 3 11 12 13 14 
18 20 11 12 13 15 
1 16 2 19 13 15 
17 1 2 18 3 10 11 12 13 14 
17 1 16 2 18 3 15 
17 1 2 18 13 14 15 
17 1 2 19 18 3 20 11 12 13 14 
17 16 19 11 12 
3 13 15 
1 2 3 20 10 12 13 14 15 
1 2 19 18 3 20 12 15 
17 19 18 20 13 14 15 
19 18 3 10 11 12 14 15 
1 2 10 11 13 14 
17 19 18 20 12 13 15 
17 19 10 
17 1 16 2 3 20 11 12 15 
1 2 20 11 13 14 
1 16 2 20 10 12 13 14 15 
3 20 11 14 15 
1 16 2 18 20 11 13 15 
17 1 2 11 12 13 15 
17 16 19 18 3 20 15 
17 1 16 2 20 11 14 15 
17 10 11 14 
17 1 2 19 18 3 10 12 14 15 
17 19 18 3 20 10 11 15 
1 16 2 19 18 3 11 13 
17 1 2 19 18 12 14 15 
1 2 18 10 12 13 15 
1 2 19 18 3 11 12 14 
17 1 16 2 3 20 12 15 
17 1 16 2 3 11 12 13 14 15 
17 16 19 18 3 20 10 11 13 14 15 
16 19 3 20 11 13 
17 1 16 2 20 11 13 14 15 
19 18 20 10 12 13 
19 18 3 20 11 12 13 15 
1 2 19 18 10 12 13 
1 2 18 20 10 11 12 13 14 
17 1 2 12 
1 2 18 3 10 
16 19 3 11 12 14 
17 1 2 19 18 20 11 12 14 
19 18 10 12 13 
1 2 19 11 14 
16 3 10 11 13 14 
17 1 2 19 3 20 10 12 13 
17 1 16 2 11 12 15 
17 3 10 15 
1 16 2 19 10 12 
17 19 18 10 13 14 
17 16 10 13 15 
17 1 16 2 19 18 20 10 14 15 
19 3 11 15 
1 16 2 18 20 10 14 15 
17 1 2 19 
16 19 20 10 12 13 
17 1 16 2 18 3 20 11 
17 1 2 19 18 13 15 
1 2 3 10 11 15 
16 3 10 11 13 14 
16 3 20 10 14 
17 1 2 19 18 3 20 10 11 
17 1 16 2 10 12 13 15 
1 2 19 13 15 
19 11 13 15 
17 3 20 10 13 14 15 
17 19 
1 16 2 19 18 10 12 14 
1 16 2 18 3 20 12 
17 1 16 2 18 20 12 15 
17 1 2 20 10 11 12 15 
17 16 19 18 3 20 12 13 14 15 
17 18 20 12 13 14 15 
17 20 10 11 12 15 
16 12 13 
17 19 11 12 14 
16 19 18 20 11 14 15 
1 2 19 18 3 12 13 14 15 
17 1 2 3 20 11 12 14 
1 16 2 10 11 12 14 15 
17 16 18 3 11 14 
16 10 15 
19 18 20 13 
1 2 18 3 12 14 
1 2 19 18 3 20 10 11 12 14 
17 16 19 18 20 11 13 14 15 
1 2 18 12 14 
1 2 19 20 10 12 
17 1 2 19 12 13 14 
1 16 2 20 11 13 
17 16 18 20 10 12 13 14 
17 3 11 12 13 14 
17 1 16 2 19 18 20 11 13 
1 2 19 18 11 12 
1 2 19 18 3 10 12 13 
17 1 16 2 19 3 11 
19 3 10 13 14 15 
17 16 18 12 14 15 
16 19 3 20 12 15 
18 3 11 12 13 15 
20 10 11 13 
17 1 16 2 19 20 14 
17 20 11 14 
17 1 16 2 20 13 14 15 
17 16 3 20 10 11 13 15 
17 1 2 3 12 13 14 
17 19 18 3 20 10 11 12 14 
16 18 10 11 13 
17 1 2 19 18 3 20 11 12 15 
17 1 2 18 14 15 
17 1 16 2 20 10 12 13 
1 2 3 20 11 12 13 
16 20 10 11 12 14 15 
1 2 18 3 12 
10 11 
17 19 18 3 10 13 14 15 
17 1 16 2 11 15 
16 19 18 3 20 12 
17 18 20 10 11 13 
3 10 12 13 14 
17 1 2 10 11 12 
17 1 16 2 18 10 11 13 14 15 
1 2 18 3 20 12 13 15 
1 16 2 19 20 10 12 14 
17 16 18 20 14 
17 16 19 18 20 12 14 15 
1 16 2 19 18 3 11 12 15 
17 1 16 2 3 20 10 12 13 
1 16 2 18 3 10 11 12 14 
17 16 19 18 11 12 14 
17 16 18 3 20 13 14 15 
19 3 20 12 15 
17 1 16 2 19 18 20 10 11 13 15 
17 1 2 19 13 
17 19 3 20 12 13 14 
17 1 16 2 19 18 10 11 12 13 14 
1 16 2 13 14 15 
1 16 2 19 3 10 12 14 15 
1 16 2 19 18 3 20 10 15 
17 1 16 2 19 18 3 10 12 13 
20 
16 19 20 11 12 
17 1 2 18 20 12 14 
16 20 12 14 15 
17 1 2 3 20 10 15 
1 2 19 3 20 10 11 12 13 14 
17 19 3 11 12 14 15 
17 16 19 18 20 10 13 14 15 
3 10 11 12 15 
16 19 18 3 12 13 
17 19 18 10 11 13 14 15 
17 16 18 20 14 
17 19 3 20 13 14 15 
16 19 3 10 13 15 
20 10 11 12 13 
17 16 3 11 12 13 14 15 
17 16 19 18 20 13 14 15 
16 19 18 3 20 13 15 
17 1 2 18 3 20 10 11 15 
17 1 16 2 19 18 3 20 10 
19 20 10 13 15 
3 10 13 
1 16 2 20 10 11 15 
19 3 12 15 
17 16 12 14 15 
1 16 2 3 20 11 13 15 
16 19 3 20 10 12 14 
17 16 19 10 12 14 
16 18 3 20 10 12 14 
16 19 18 3 10 12 
17 1 16 2 19 20 10 12 13 14 
17 16 19 18 3 20 10 11 15 
17 18 3 20 11 12 13 
17 19 3 20 11 14 
20 10 11 12 13 14 
17 16 18 3 11 12 13 
17 19 18 20 11 14 15 
1 16 2 20 11 12 13 14 15 
19 20 10 12 14 
16 19 3 10 11 12 13 14 15 
19 18 3 20 12 14 
17 1 2 19 3 20 10 11 14 15 
17 19 18 3 12 13 15 
17 16 3 10 11 12 13 14 15 
19 3 10 
17 18 3 20 10 15 
19 20 12 13 14 15 
17 1 2 19 3 20 10 11 12 13 15 
17 1 2 20 10 11 12 13 15 
18 3 20 12 13 
17 16 19 18 20 12 13 
17 16 18 3 10 12 15 
19 3 10 11 13 14 
20 14 
17 18 3 20 10 11 12 14 
1 2 20 11 13 
1 16 2 3 20 10 11 14 15 
1 16 2 3 13 
17 1 16 2 19 3 10 11 15 
17 1 16 2 3 10 14 15 
1 16 2 18 3 11 12 13 14 
1 16 2 10 11 12 13 15 
19 3 11 15 
17 1 2 18 10 12 
17 1 16 2 19 10 12 14 15 
17 16 19 18 20 10 11 12 13 14 
1 16 2 20 10 13 14 15 
17 18 20 10 11 15 
16 19 18 20 10 12 13 14 
17 1 16 2 19 20 10 12 13 15 
17 1 2 18 3 20 10 11 12 13 14 
1 16 2 19 3 10 11 12 14 
19 18 20 10 11 15 
17 1 2 19 18 20 12 14 15 
1 2 19 3 10 13 
17 3 20 11 14 
1 2 19 3 10 11 14 15 
1 16 2 19 18 3 10 12 14 15 
17 1 16 2 19 3 20 10 12 14 15 
17 16 3 20 10 11 12 14 15 
17 1 16 2 19 18 20 11 13 14 15 
1 16 2 3 20 12 14 15 
17 1 2 20 10 12 15 
17 16 19 3 20 10 11 
17 1 16 2 20 10 11 12 13 15 
1 16 2 19 18 20 11 13 14 15 
17 16 20 13 14 
17 1 2 18 3 20 10 11 13 15 
17 16 19 3 10 11 13 14 15 
1 2 19 10 11 13 
17 16 19 18 3 11 12 14 15 
17 1 16 2 19 18 3 20 11 12 15 
1 2 19 20 10 11 12 
17 1 2 19 3 12 14 15 
1 16 2 19 18 3 10 11 13 14 
17 1 16 2 19 20 10 11 12 13 14 
1 2 10 12 13 14 
1 2 12 13 14 
17 19 20 10 11 14 15 
17 1 16 2 19 18 3 20 11 12 14 
1 16 2 19 20 12 13 14 
16 19 18 3 10 11 
17 1 16 2 19 3 11 12 14 15 
17 16 19 3 20 11 12 13 
17 1 2 20 11 12 15 
17 1 16 2 19 18 3 20 10 13 
16 19 20 10 15 
17 1 2 18 3 12 15 
17 1 2 18 3 10 13 14 15 
19 10 13 
17 1 2 18 3 20 10 13 14 15 
17 1 16 2 19 18 
16 19 10 15 
17 1 16 2 3 20 11 12 14 15 
17 1 2 3 20 10 11 12 14 
19 3 10 11 13 
16 19 20 10 13 
16 20 10 11 12 13 14 
17 1 2 19 3 11 12 14 15 
1 2 18 20 10 12 14 
1 2 18 10 11 13 
16 19 3 20 11 14 15 
1 2 18 3 10 11 12 
17 1 2 18 20 11 12 13 14 
17 1 16 2 18 3 12 
17 1 16 2 19 3 12 13 14 15 
17 1 2 19 18 3 12 15 
1 2 19 3 20 10 13 14 15 
17 1 2 20 10 14 
17 19 3 20 10 11 14 15 
17 1 16 2 19 10 11 15 
1 16 2 19 10 12 13 14 15 
19 11 12 14 
17 18 3 12 13 
17 19 18 3 20 10 13 14 
17 19 3 20 10 12 13 
16 19 3 10 14 15 
16 19 10 13 15 
1 16 2 19 18 3 10 11 14 
17 1 16 2 19 20 10 11 12 15 
17 1 16 2 18 11 13 
17 1 16 2 19 18 20 11 12 15 
1 2 19 18 14 15 
16 18 20 12 13 
1 2 19 20 11 14 15 
1 2 20 13 15 
17 1 2 19 18 20 10 11 12 
10 13 15 
1 2 11 13 14 15 
17 16 19 18 3 20 
1 2 11 
16 11 
17 1 2 18 10 12 14 15 
1 2 19 18 10 13 14 
19 18 3 12 
17 1 2 18 3 12 13 14 15 
17 16 3 10 12 13 
17 1 2 10 11 12 13 14 
17 18 20 11 12 13 14 15 
17 3 20 10 11 
17 18 3 20 13 14 15 
1 16 2 18 3 10 12 13 14 15 
17 16 19 3 11 13 15 
17 1 2 19 18 11 12 13 15 
16 18 3 10 12 
17 1 16 2 18 20 10 13 14 15 
17 1 2 18 3 20 13 15 
1 16 2 19 18 3 20 12 13 15 
17 1 16 2 18 3 10 11 12 14 15 
17 19 3 20 10 12 
17 19 10 11 13 15 
18 3 11 13 14 
18 3 20 11 13 
16 18 10 11 12 
17 1 16 2 19 18 3 11 13 14 
17 20 10 11 12 13 14 15 
17 1 2 19 18 20 12 13 15 
16 19 3 20 11 
17 16 18 10 11 12 13 14 
17 1 16 2 18 3 20 10 11 12 13 14 15 
1 2 19 18 3 10 11 12 14 15 
1 2 20 10 11 12 14 
19 20 11 13 14 15 
1 2 18 3 10 14 
16 19 18 3 20 10 11 14 
17 1 16 2 18 3 12 13 14 15 
17 1 16 2 3 20 10 11 12 13 14 
1 2 19 13 14 
1 2 19 18 3 11 14 
17 16 19 3 10 15 
1 16 2 19 18 20 10 13 14 
17 1 2 20 10 13 14 15 
17 1 2 19 18 3 20 12 14 15 
17 1 16 2 19 18 20 10 11 13 
1 2 18 11 15 
1 16 2 19 18 3 20 10 14 
1 2 19 10 13 14 15 
1 16 2 19 18 20 10 11 12 13 14 15 
17 18 3 10 11 12 13 14 15 
17 1 2 19 3 11 12 15 
16 19 14 15 
16 3 11 13 
1 16 2 18 20 10 11 13 14 
17 16 11 12 13 14 15 
17 16 19 10 12 
1 2 19 3 20 10 13 15 
17 1 16 2 19 3 11 13 14 
1 16 2 19 18 3 20 10 11 12 13 14 
17 16 18 20 12 14 15 
17 1 2 20 10 11 14 
16 19 20 10 11 12 15 
17 19 18 13 14 15 
17 1 2 18 3 20 11 13 15 
17 16 3 12 13 15 
17 19 3 20 10 12 13 15 
16 3 12 13 14 
1 2 19 10 12 13 14 
17 16 18 3 20 11 12 13 14 15 
1 16 2 11 12 13 14 
17 1 2 19 20 12 13 
17 16 19 20 11 12 13 
1 16 2 19 18 20 10 14 
1 2 19 10 11 12 
17 1 2 19 18 3 11 13 14 15 
17 1 2 19 11 12 13 15 
17 19 18 3 13 14 
16 19 20 11 12 13 14 15 
17 1 16 2 19 18 20 10 11 13 14 
17 1 16 2 19 18 20 10 11 13 14 
16 19 18 20 11 
17 1 16 2 18 3 11 13 
18 10 11 13 15 
16 18 20 12 13 14 15 
1 16 2 10 12 13 15 
17 1 16 2 19 12 14 
19 10 11 12 14 15 
18 3 11 12 15 
17 1 2 12 15 
17 1 2 19 18 3 20 11 14 
17 1 16 2 19 20 10 11 12 14 15 
17 1 16 2 3 10 15 
17 19 18 20 11 12 13 14 
1 2 19 18 3 20 10 11 12 13 14 15 
17 20 11 12 13 
16 20 10 12 13 14 15 
1 16 2 18 3 11 12 13 14 
16 11 12 15 
1 16 2 18 3 20 10 11 12 14 
16 3 20 12 
17 3 10 11 12 13 14 
17 16 19 18 3 20 
17 1 16 2 3 20 12 13 14 15 
17 16 19 10 11 13 14 
17 1 2 20 10 11 12 13 
1 2 19 10 11 12 13 15 
17 1 16 2 18 3 20 11 13 14 15 
1 2 19 3 15 
18 10 11 13 
17 19 18 3 20 10 11 13 
17 1 2 3 10 
17 1 16 2 3 10 11 14 
17 1 2 18 3 20 10 14 15 
1 2 19 18 20 10 11 13 15 
17 18 10 11 13 14 
16 19 20 10 13 
1 2 3 11 14 15 
17 16 20 10 12 14 
17 1 2 20 10 11 
17 16 19 18 3 20 10 12 14 
17 1 16 2 19 18 20 12 13 15 
1 16 2 3 20 10 14 
1 16 2 18 20 10 13 14 15 
1 16 2 3 20 10 11 14 
17 1 16 2 3 11 12 13 14 
17 1 16 2 19 18 13 14 
16 3 20 10 11 13 
17 1 2 19 18 3 13 15 
16 18 3 20 13 15 
17 1 2 18 20 11 12 13 
1 2 3 20 10 11 12 13 15 
17 1 16 2 10 12 13 14 15 
1 16 2 19 18 15 
17 16 19 11 14 
1 16 2 18 3 12 13 14 
1 2 3 10 
17 1 2 18 20 11 12 14 15 
17 16 19 3 20 10 11 12 
17 16 19 18 13 
19 20 11 13 
17 1 16 2 20 11 12 13 14 
17 16 19 18 3 10 11 13 14 15 
1 16 2 18 3 11 13 14 
17 19 20 10 12 13 14 15 
17 16 19 11 15 
17 1 2 18 3 20 10 14 15 
1 2 19 13 
17 1 16 2 19 3 20 11 
16 18 20 11 12 13 14 15 
17 16 3 20 10 11 14 
17 1 2 3 20 10 11 12 13 14 
18 10 12 13 15 
1 16 2 19 3 20 13 14 
17 18 20 11 13 
17 16 19 12 13 14 15 
17 19 18 20 12 13 
1 16 2 19 18 3 10 11 12 
17 11 12 14 
1 16 2 18 10 11 12 
20 10 12 13 14 
16 18 3 10 
16 19 3 20 13 15 
17 1 16 2 18 20 10 15 
1 16 2 19 20 10 12 14 15 
17 19 18 3 10 12 13 14 15 
17 1 16 2 18 3 20 12 15 
16 18 10 11 13 15 
17 1 2 18 20 11 12 14 
17 1 2 18 20 10 12 14 
17 16 18 20 14 
1 2 18 10 13 14 
16 18 10 11 13 
1 16 2 18 20 10 13 
17 1 2 3 20 10 13 
17 1 16 2 19 18 3 10 12 14 15 
17 1 16 2 19 18 3 20 10 13 14 15 
17 16 3 10 11 13 14 
1 16 2 19 3 10 11 14 15 
17 1 2 20 11 12 13 
17 16 19 18 3 13 15 
17 1 16 2 20 10 11 14 15 
17 19 18 3 20 
1 16 2 19 18 3 12 13 
1 2 18 3 20 12 13 15 
17 1 2 19 18 3 10 13 15 
17 1 2 19 3 20 10 12 14 
1 2 18 3 20 10 11 13 15 
1 16 2 18 3 20 10 
16 18 20 12 13 14 
1 2 18 20 13 
17 19 3 20 10 12 13 14 15 
19 20 14 
1 2 19 3 10 11 13 14 15 
17 16 19 3 20 11 13 15 
17 10 11 12 13 14 15 
1 16 2 18 20 10 11 14 
17 16 19 3 20 12 13 14 
17 1 16 2 18 3 20 10 12 14 
16 10 12 13 15 
1 2 19 18 20 10 11 13 14 
17 16 19 18 3 13 14 15 
17 1 16 2 19 3 11 12 13 14 
1 16 2 18 20 10 13 15 
1 16 2 11 12 13 15 
1 16 2 18 10 11 12 15 
1 16 2 19 18 10 
1 16 2 19 20 11 15 
17 1 16 2 19 18 3 20 11 13 14 
17 1 16 2 3 20 10 12 
16 19 11 13 14 
17 19 10 12 
17 1 2 19 15 
1 16 2 19 18 20 10 11 13 
1 2 20 11 12 
17 10 12 14 15 
17 1 2 18 20 13 14 
3 20 13 15 
17 18 3 11 12 14 
17 16 19 18 3 20 10 11 12 13 15 
16 19 3 11 14 
1 16 2 18 3 10 12 14 
17 1 2 11 13 14 
17 1 16 2 19 10 11 12 13 15 
16 19 3 10 11 12 13 14 
17 1 16 2 19 3 20 10 12 
1 2 3 10 11 12 
1 16 2 19 20 12 14 
17 16 11 12 13 15 
17 18 3 13 
16 19 3 10 11 12 14 
1 2 18 3 20 15 
1 16 2 19 18 20 10 12 14 15 
17 16 18 3 10 11 12 14 
1 16 2 20 11 14 
1 2 19 18 3 10 11 12 13 15 
17 1 16 2 20 11 15 
16 11 13 15 
17 16 19 20 10 11 12 14 
17 1 2 19 11 12 14 15 
17 1 2 19 3 20 12 13 
1 2 18 20 12 
17 19 3 20 11 12 13 14 
16 19 18 3 20 12 13 14 
17 1 2 19 18 3 20 11 13 
3 10 11 12 
16 19 18 3 20 12 13 15 
18 3 12 13 14 
1 2 18 3 10 12 13 14 
16 19 11 12 13 14 15 
17 1 2 19 18 10 11 
17 19 18 20 11 12 
1 2 19 3 20 10 
17 19 10 12 13 14 
17 1 16 2 19 18 3 20 11 13 15 
17 1 16 2 19 20 10 11 12 14 
1 2 3 20 12 
18 13 14 
17 1 2 19 3 11 15 
17 1 16 2 3 10 12 13 15 
1 16 2 19 20 10 11 13 14 15 
1 16 2 19 3 12 14 15 
17 1 2 19 18 3 20 10 12 13 14 15 
17 19 3 20 13 15 
1 16 2 19 3 20 14 
1 2 19 20 12 14 
1 16 2 19 18 3 20 11 13 14 
17 19 20 14 15 
18 3 11 12 13 
17 18 3 20 10 13 15 
17 1 16 2 18 3 20 12 15 
17 19 18 3 20 15 
17 16 19 20 
17 1 2 18 3 20 12 13 
17 16 19 18 11 13 15 
1 16 2 18 10 11 12 15 
1 2 3 10 13 15 
16 3 20 11 13 15 
19 18 3 20 11 12 14 
17 1 16 2 18 20 11 12 13 14 
16 18 11 13 
1 16 2 19 18 3 20 10 11 12 13 
1 2 11 12 13 14 
17 1 2 19 12 
1 2 19 3 20 10 11 14 15 
1 2 18 20 11 12 13 14 
1 16 2 18 20 10 12 
1 2 3 13 14 15 
16 20 10 12 13 14 15 
17 10 11 12 13 14 
1 16 2 18 3 10 11 13 14 15 
17 1 16 2 18 3 10 12 14 
1 2 19 18 13 15 
17 1 16 2 19 18 11 12 15 
17 1 2 19 12 14 15 
1 16 2 19 3 11 12 14 
17 1 16 2 18 11 14 15 
1 16 2 19 18 3 10 11 12 14 15 
1 16 2 18 10 13 
20 11 12 13 
17 19 20 10 11 14 
17 1 16 2 19 18 3 12 13 15 
16 19 18 3 20 10 11 14 15 
17 1 2 20 10 11 12 13 
16 3 10 11 13 
17 1 2 19 10 12 14 
1 16 2 19 18 20 10 15 
12 
17 1 16 2 19 18 20 11 12 13 14 15 
17 1 2 19 18 3 11 12 
17 16 19 3 10 11 12 
1 16 2 19 18 3 10 11 12 15 
19 18 3 12 14 
1 16 2 19 3 20 10 11 13 14 15 
1 2 18 20 11 14 15 
1 2 19 20 10 11 12 
1 16 2 19 20 11 15 
16 18 20 10 11 14 
16 19 3 10 11 13 14 
17 10 13 14 
1 16 2 19 18 10 11 13 14 15 
16 3 10 13 14 
16 19 10 12 13 14 15 
19 18 10 12 15 
17 1 2 18 3 20 10 12 
1 16 2 19 3 20 10 12 13 
17 19 3 13 
17 16 18 3 10 11 12 
17 1 16 2 19 18 3 10 11 14 
1 16 2 18 3 10 12 15 
17 16 19 18 3 11 15 
1 16 2 3 20 10 11 15 
18 3 20 11 14 
17 19 20 11 13 14 
1 2 18 3 20 11 14 15 
17 18 20 10 
1 16 2 19 18 10 11 13 15 
1 2 19 3 20 11 12 14 15 
17 19 18 20 10 11 12 14 
16 19 3 11 14 15 
17 16 18 10 11 15 
1 2 19 20 12 15 
17 18 10 12 14 
1 2 19 20 15 
1 16 2 18 10 12 13 14 15 
17 3 20 11 13 14 
17 1 2 10 11 12 15 
17 16 19 3 20 10 11 12 13 14 
1 2 18 3 20 12 13 14 15 
1 16 2 11 13 14 15 
17 16 19 3 20 10 13 14 
16 20 10 11 14 15 
19 20 11 13 15 
19 3 15 
17 19 18 11 12 13 
1 16 2 3 20 11 13 14 15 
1 2 19 18 3 11 12 13 
16 19 3 20 10 15 
17 1 16 2 19 10 11 12 14 
17 19 12 
16 18 3 13 14 15 
17 19 18 3 20 10 11 12 15 
19 10 14 15 
19 18 20 10 12 13 15 
16 18 10 11 12 13 14 
17 1 16 2 19 18 11 
17 1 16 2 19 20 11 12 13 
1 16 2 19 18 20 10 12 14 15 
17 12 13 14 
17 18 20 10 11 12 13 14 
17 1 2 19 20 10 11 12 13 14 15 
20 11 12 13 14 
17 16 18 3 10 11 13 
17 1 16 2 18 3 11 12 13 14 15 
17 1 16 2 12 13 14 15 
17 19 18 20 12 13 15 
16 18 20 10 12 13 14 15 
17 1 2 19 3 20 11 12 13 14 
16 18 20 10 13 15 
1 2 19 10 11 12 13 
16 19 3 12 13 14 15 
1 2 19 10 11 14 15 
17 19 18 3 14 15 
1 16 2 3 20 11 13 14 15 
17 1 2 19 18 3 11 13 
17 19 3 20 10 12 13 15 
16 19 18 3 10 11 13 14 
17 3 10 11 
17 1 16 2 19 3 20 13 
1 2 20 13 
17 19 3 20 
17 1 16 2 18 3 10 11 12 14 
16 18 3 20 10 13 14 15 
17 3 11 12 13 
16 19 11 
16 19 18 3 20 10 12 13 14 
1 16 2 18 3 11 14 15 
16 18 3 20 11 13 
17 1 2 18 13 14 15 
1 2 19 11 12 
17 20 10 11 12 14 15 
16 19 18 20 10 12 14 15 
17 16 18 10 13 
17 16 3 20 11 13 
1 2 3 13 14 15 
1 16 2 14 
17 3 20 10 11 12 14 
17 16 19 3 20 11 12 13 14 
16 19 18 10 11 12 14 
17 1 16 2 19 18 20 
17 1 16 2 19 18 3 10 12 14 
17 1 2 19 20 12 14 
1 16 2 19 20 11 12 13 14 
1 16 2 3 11 13 
16 19 18 3 14 15 
1 16 2 18 20 10 13 14 15 
1 2 18 10 11 12 13 14 
19 3 20 11 12 14 
17 1 2 10 11 12 13 14 
17 19 18 20 11 12 13 
1 16 2 18 11 12 15 
18 12 14 
3 20 12 14 15 
20 10 13 15 
17 19 20 10 11 
17 1 16 2 18 20 10 11 14 
17 13 14 15 
17 1 2 19 20 13 14 15 
17 1 16 2 19 10 13 14 15 
17 1 2 18 20 12 13 14 15 
1 16 2 18 10 11 
17 16 19 18 20 10 12 13 14 15 
17 1 16 2 20 12 13 15 
16 18 10 12 14 15 
17 19 18 3 10 13 15 
17 1 16 2 11 12 14 15 
17 1 2 18 10 15 
17 1 2 19 18 3 20 12 14 
19 18 3 13 15 
19 20 11 12 14 15 
17 1 2 19 20 11 12 14 15 
1 16 2 19 18 3 14 15 
17 1 16 2 18 3 10 13 
17 1 16 2 20 10 11 12 
1 2 18 3 10 13 
17 19 3 20 11 12 14 15 
1 16 2 18 3 20 12 14 
17 1 2 13 14 15 
17 1 16 2 19 20 10 12 13 14 15 
1 16 2 20 10 11 13 15 
17 1 16 2 18 20 12 13 14 
18 10 12 
17 1 16 2 19 10 12 14 15 
17 16 18 10 14 15 
17 1 2 18 20 10 13 14 
1 2 19 18 20 11 12 15 
17 16 19 3 20 11 12 
17 1 16 2 3 10 14 15 
17 16 3 10 11 12 14 
17 16 19 18 20 12 
1 2 20 10 12 14 15 
17 18 3 11 15 
17 1 16 2 19 10 13 15 
17 1 16 2 3 12 14 
17 19 18 10 
1 16 2 19 18 11 13 14 15 
17 1 16 2 19 10 11 13 14 15 
1 2 18 11 13 
1 2 19 18 3 20 10 11 
17 16 20 10 11 12 15 
16 19 20 10 11 12 13 14 
17 1 16 2 19 3 10 12 14 15 
17 1 2 19 18 20 13 14 15 
1 2 19 18 20 13 14 15 
17 1 16 2 19 18 20 10 15 
1 16 2 19 3 20 10 15 
1 16 2 19 20 13 15 
17 1 16 2 19 18 3 20 11 12 14 
1 2 19 18 3 12 14 
17 16 19 3 20 13 15 
16 19 18 10 11 13 
17 1 2 18 3 12 15 
17 1 16 2 19 18 3 10 11 12 14 15 
17 19 18 3 12 14 15 
17 16 19 3 20 
17 1 2 19 18 20 10 11 12 14 15 
16 3 20 11 12 13 15 
17 16 18 3 20 10 15 
17 1 2 19 18 10 11 
17 16 18 3 11 12 13 14 
1 16 2 18 3 11 12 13 15 
16 19 3 20 10 11 12 14 15 
1 16 2 18 3 10 13 14 15 
1 16 2 19 3 20 11 12 
1 16 2 18 20 11 12 15 
17 3 20 12 13 
17 16 19 20 10 11 12 13 14 
1 2 19 18 3 10 11 
1 16 2 19 18 3 12 15 
17 1 16 2 19 3 20 13 14 15 
17 1 2 19 18 3 20 11 13 14 15 
17 19 20 
1 2 20 13 15 
17 16 19 18 3 10 11 14 15 
1 16 2 19 20 10 12 15 
1 2 3 11 
3 20 11 12 14 15 
17 16 19 18 3 12 14 
1 2 18 20 10 
3 20 10 12 14 15 
17 1 2 18 3 10 11 12 13 14 15 
17 18 20 13 14 
16 19 20 10 12 13 
19 20 10 13 15 
18 20 10 13 14 15 
1 16 2 18 3 20 10 12 15 
17 16 18 3 
1 2 18 3 20 10 11 12 13 15 
17 19 18 3 11 12 14 15 
1 16 2 18 3 20 10 
17 18 11 13 14 
1 2 19 20 11 12 14 
17 19 3 11 
17 19 20 11 13 15 
18 12 14 15 
1 16 2 19 18 3 20 10 13 14 15 
1 16 2 19 18 3 20 12 13 14 15 
1 16 2 19 18 3 10 11 13 14 
17 18 10 12 13 14 15 
16 19 18 3 20 10 13 15 
17 1 16 2 19 18 20 12 14 
19 18 3 15 
1 2 18 3 20 11 12 15 
16 10 12 
1 2 18 3 20 12 
1 16 2 3 10 13 15 
18 20 11 13 14 
19 18 3 20 11 12 
1 16 2 19 20 13 
1 2 19 20 13 14 15 
17 1 16 2 19 18 20 12 14 15 
17 1 16 2 18 12 14 
1 2 19 18 3 20 10 12 14 
19 18 3 10 15 
17 1 2 18 10 14 15 
1 2 3 10 11 12 14 
17 1 16 2 3 20 10 11 
17 16 19 10 11 15 
17 18 11 13 14 
17 1 16 2 18 3 20 10 11 14 
1 16 2 19 10 15 
1 2 19 3 12 13 
16 19 3 10 11 15 
1 16 2 19 20 11 12 14 
1 16 2 11 13 14 15 
18 3 20 10 12 
17 1 2 3 20 10 12 13 14 15 
16 19 3 20 12 14 
16 19 3 10 12 13 14 15 
16 18 11 12 13 14 15 
16 19 3 10 14 15 
17 19 18 20 12 14 
17 16 18 3 20 11 12 14 15 
16 19 11 14 
17 16 11 12 13 15 
1 2 19 18 3 10 11 12 14 15 
17 16 19 18 20 
16 19 3 11 12 15 
16 20 12 13 
17 16 19 18 3 20 13 14 
17 1 2 18 20 10 11 12 13 
17 16 19 18 10 12 15 
17 19 18 20 11 12 13 15 
17 1 16 2 19 3 20 10 11 15 
17 19 18 20 11 12 13 15 
17 19 18 11 12 14 
17 1 16 2 18 3 12 14 
17 1 16 2 10 11 14 15 
1 16 2 19 18 12 14 
1 16 2 3 20 11 12 14 
1 16 2 19 18 3 20 11 12 13 15 
17 16 20 11 12 13 14 15 
1 16 2 19 11 12 
1 2 19 3 10 11 12 
1 2 19 18 20 10 15 
1 16 2 11 13 15 
12 14 15 
1 2 20 10 12 13 14 
17 16 19 3 10 11 15 
1 2 19 12 
17 1 16 2 10 15 
16 19 18 20 11 13 14 
17 1 16 2 3 20 10 12 15 
1 2 20 10 
19 18 3 20 15 
1 2 19 20 11 14 15 
1 2 3 11 14 15 
1 2 19 3 11 12 13 
1 2 18 15 
17 19 18 20 10 12 14 15 
17 16 19 18 3 20 10 11 12 14 
18 3 20 11 14 15 
1 16 2 19 18 3 10 12 13 14 15 
3 20 10 12 13 
16 3 10 12 
17 19 20 10 12 14 15 
17 16 19 20 10 13 
17 19 18 20 12 13 14 15 
17 1 2 19 18 3 20 12 13 14 15 
19 18 20 12 13 14 
1 16 2 18 20 10 12 13 14 
17 1 16 2 18 10 11 12 15 
17 19 20 10 13 
1 2 19 18 3 10 11 15 
18 3 20 11 12 
17 16 18 11 14 
1 16 2 18 10 11 12 13 
16 20 11 
1 16 2 18 3 20 11 13 15 
1 2 19 20 10 11 15 
17 19 18 11 12 13 15 
19 18 12 13 14 15 
16 3 10 12 14 
